start=182.349000
volume=130.000000
sub-pos=97
